1568863909528155
1569370961886777
15609121437313642
1568863182628155
15609713147309210
15609122043813682
1567654201590758
15616459614436450
1567653840190752
1567653867640754
15616463006936472
15609126013813602
15616459789436480
15609717790809202
15609124400813572
15609722543809140
15609722590809222
15609123719813680
15616460808936500
1569370903386782
15609719181309152
15609718895309190
15616462546436512
15609718515809240
15621646813863330
15609121133813660
15609121893813632
15609121915313602
15609125726813690
15609125795813610
1568864168128152
15609721090309250
1569371269286777
1568863204828160
15609720874809260
15609732342309242
15609732373309172
1569371026486779
15616461992936530
1569370884486783
15609124527813670
15616458249936530
15616456456936510
15609721146809160
15616461161936510
15616462084436480
15616460578436502
15609730485809162
1567654158290756
1567654229390748
